v3.0 hex words addressed
000: 00000000 00100313 00100593 00a00613 00b32023 00032583 00158593 00b32023
008: fec5cae3 00000013 00000000 00000000 00000000 00000000 00000000 00000000
010: 00000000 00000000 00000000 00000000 00000000 00000000 00000000 00000000
018: 00000000 00000000 00000000 00000000 00000000 00000000 00000000 00000000
020: 00000000 00000000 00000000 00000000 00000000 00000000 00000000 00000000
028: 00000000 00000000 00000000 00000000 00000000 00000000 00000000 00000000
030: 00000000 00000000 00000000 00000000 00000000 00000000 00000000 00000000
038: 00000000 00000000 00000000 00000000 00000000 00000000 00000000 00000000
040: 00000000 00000000 00000000 00000000 00000000 00000000 00000000 00000000
048: 00000000 00000000 00000000 00000000 00000000 00000000 00000000 00000000
050: 00000000 00000000 00000000 00000000 00000000 00000000 00000000 00000000
058: 00000000 00000000 00000000 00000000 00000000 00000000 00000000 00000000
060: 00000000 00000000 00000000 00000000 00000000 00000000 00000000 00000000
068: 00000000 00000000 00000000 00000000 00000000 00000000 00000000 00000000
070: 00000000 00000000 00000000 00000000 00000000 00000000 00000000 00000000
078: 00000000 00000000 00000000 00000000 00000000 00000000 00000000 00000000
080: 00000000 00000000 00000000 00000000 00000000 00000000 00000000 00000000
088: 00000000 00000000 00000000 00000000 00000000 00000000 00000000 00000000
090: 00000000 00000000 00000000 00000000 00000000 00000000 00000000 00000000
098: 00000000 00000000 00000000 00000000 00000000 00000000 00000000 00000000
0a0: 00000000 00000000 00000000 00000000 00000000 00000000 00000000 00000000
0a8: 00000000 00000000 00000000 00000000 00000000 00000000 00000000 00000000
0b0: 00000000 00000000 00000000 00000000 00000000 00000000 00000000 00000000
0b8: 00000000 00000000 00000000 00000000 00000000 00000000 00000000 00000000
0c0: 00000000 00000000 00000000 00000000 00000000 00000000 00000000 00000000
0c8: 00000000 00000000 00000000 00000000 00000000 00000000 00000000 00000000
0d0: 00000000 00000000 00000000 00000000 00000000 00000000 00000000 00000000
0d8: 00000000 00000000 00000000 00000000 00000000 00000000 00000000 00000000
0e0: 00000000 00000000 00000000 00000000 00000000 00000000 00000000 00000000
0e8: 00000000 00000000 00000000 00000000 00000000 00000000 00000000 00000000
0f0: 00000000 00000000 00000000 00000000 00000000 00000000 00000000 00000000
0f8: 00000000 00000000 00000000 00000000 00000000 00000000 00000000 00000000
100: 00000000 00000000 00000000 00000000 00000000 00000000 00000000 00000000
108: 00000000 00000000 00000000 00000000 00000000 00000000 00000000 00000000
110: 00000000 00000000 00000000 00000000 00000000 00000000 00000000 00000000
118: 00000000 00000000 00000000 00000000 00000000 00000000 00000000 00000000
120: 00000000 00000000 00000000 00000000 00000000 00000000 00000000 00000000
128: 00000000 00000000 00000000 00000000 00000000 00000000 00000000 00000000
130: 00000000 00000000 00000000 00000000 00000000 00000000 00000000 00000000
138: 00000000 00000000 00000000 00000000 00000000 00000000 00000000 00000000
140: 00000000 00000000 00000000 00000000 00000000 00000000 00000000 00000000
148: 00000000 00000000 00000000 00000000 00000000 00000000 00000000 00000000
150: 00000000 00000000 00000000 00000000 00000000 00000000 00000000 00000000
158: 00000000 00000000 00000000 00000000 00000000 00000000 00000000 00000000
160: 00000000 00000000 00000000 00000000 00000000 00000000 00000000 00000000
168: 00000000 00000000 00000000 00000000 00000000 00000000 00000000 00000000
170: 00000000 00000000 00000000 00000000 00000000 00000000 00000000 00000000
178: 00000000 00000000 00000000 00000000 00000000 00000000 00000000 00000000
180: 00000000 00000000 00000000 00000000 00000000 00000000 00000000 00000000
188: 00000000 00000000 00000000 00000000 00000000 00000000 00000000 00000000
190: 00000000 00000000 00000000 00000000 00000000 00000000 00000000 00000000
198: 00000000 00000000 00000000 00000000 00000000 00000000 00000000 00000000
1a0: 00000000 00000000 00000000 00000000 00000000 00000000 00000000 00000000
1a8: 00000000 00000000 00000000 00000000 00000000 00000000 00000000 00000000
1b0: 00000000 00000000 00000000 00000000 00000000 00000000 00000000 00000000
1b8: 00000000 00000000 00000000 00000000 00000000 00000000 00000000 00000000
1c0: 00000000 00000000 00000000 00000000 00000000 00000000 00000000 00000000
1c8: 00000000 00000000 00000000 00000000 00000000 00000000 00000000 00000000
1d0: 00000000 00000000 00000000 00000000 00000000 00000000 00000000 00000000
1d8: 00000000 00000000 00000000 00000000 00000000 00000000 00000000 00000000
1e0: 00000000 00000000 00000000 00000000 00000000 00000000 00000000 00000000
1e8: 00000000 00000000 00000000 00000000 00000000 00000000 00000000 00000000
1f0: 00000000 00000000 00000000 00000000 00000000 00000000 00000000 00000000
1f8: 00000000 00000000 00000000 00000000 00000000 00000000 00000000 00000000
200: 00000000 00000000 00000000 00000000 00000000 00000000 00000000 00000000
208: 00000000 00000000 00000000 00000000 00000000 00000000 00000000 00000000
210: 00000000 00000000 00000000 00000000 00000000 00000000 00000000 00000000
218: 00000000 00000000 00000000 00000000 00000000 00000000 00000000 00000000
220: 00000000 00000000 00000000 00000000 00000000 00000000 00000000 00000000
228: 00000000 00000000 00000000 00000000 00000000 00000000 00000000 00000000
230: 00000000 00000000 00000000 00000000 00000000 00000000 00000000 00000000
238: 00000000 00000000 00000000 00000000 00000000 00000000 00000000 00000000
240: 00000000 00000000 00000000 00000000 00000000 00000000 00000000 00000000
248: 00000000 00000000 00000000 00000000 00000000 00000000 00000000 00000000
250: 00000000 00000000 00000000 00000000 00000000 00000000 00000000 00000000
258: 00000000 00000000 00000000 00000000 00000000 00000000 00000000 00000000
260: 00000000 00000000 00000000 00000000 00000000 00000000 00000000 00000000
268: 00000000 00000000 00000000 00000000 00000000 00000000 00000000 00000000
270: 00000000 00000000 00000000 00000000 00000000 00000000 00000000 00000000
278: 00000000 00000000 00000000 00000000 00000000 00000000 00000000 00000000
280: 00000000 00000000 00000000 00000000 00000000 00000000 00000000 00000000
288: 00000000 00000000 00000000 00000000 00000000 00000000 00000000 00000000
290: 00000000 00000000 00000000 00000000 00000000 00000000 00000000 00000000
298: 00000000 00000000 00000000 00000000 00000000 00000000 00000000 00000000
2a0: 00000000 00000000 00000000 00000000 00000000 00000000 00000000 00000000
2a8: 00000000 00000000 00000000 00000000 00000000 00000000 00000000 00000000
2b0: 00000000 00000000 00000000 00000000 00000000 00000000 00000000 00000000
2b8: 00000000 00000000 00000000 00000000 00000000 00000000 00000000 00000000
2c0: 00000000 00000000 00000000 00000000 00000000 00000000 00000000 00000000
2c8: 00000000 00000000 00000000 00000000 00000000 00000000 00000000 00000000
2d0: 00000000 00000000 00000000 00000000 00000000 00000000 00000000 00000000
2d8: 00000000 00000000 00000000 00000000 00000000 00000000 00000000 00000000
2e0: 00000000 00000000 00000000 00000000 00000000 00000000 00000000 00000000
2e8: 00000000 00000000 00000000 00000000 00000000 00000000 00000000 00000000
2f0: 00000000 00000000 00000000 00000000 00000000 00000000 00000000 00000000
2f8: 00000000 00000000 00000000 00000000 00000000 00000000 00000000 00000000
300: 00000000 00000000 00000000 00000000 00000000 00000000 00000000 00000000
308: 00000000 00000000 00000000 00000000 00000000 00000000 00000000 00000000
310: 00000000 00000000 00000000 00000000 00000000 00000000 00000000 00000000
318: 00000000 00000000 00000000 00000000 00000000 00000000 00000000 00000000
320: 00000000 00000000 00000000 00000000 00000000 00000000 00000000 00000000
328: 00000000 00000000 00000000 00000000 00000000 00000000 00000000 00000000
330: 00000000 00000000 00000000 00000000 00000000 00000000 00000000 00000000
338: 00000000 00000000 00000000 00000000 00000000 00000000 00000000 00000000
340: 00000000 00000000 00000000 00000000 00000000 00000000 00000000 00000000
348: 00000000 00000000 00000000 00000000 00000000 00000000 00000000 00000000
350: 00000000 00000000 00000000 00000000 00000000 00000000 00000000 00000000
358: 00000000 00000000 00000000 00000000 00000000 00000000 00000000 00000000
360: 00000000 00000000 00000000 00000000 00000000 00000000 00000000 00000000
368: 00000000 00000000 00000000 00000000 00000000 00000000 00000000 00000000
370: 00000000 00000000 00000000 00000000 00000000 00000000 00000000 00000000
378: 00000000 00000000 00000000 00000000 00000000 00000000 00000000 00000000
380: 00000000 00000000 00000000 00000000 00000000 00000000 00000000 00000000
388: 00000000 00000000 00000000 00000000 00000000 00000000 00000000 00000000
390: 00000000 00000000 00000000 00000000 00000000 00000000 00000000 00000000
398: 00000000 00000000 00000000 00000000 00000000 00000000 00000000 00000000
3a0: 00000000 00000000 00000000 00000000 00000000 00000000 00000000 00000000
3a8: 00000000 00000000 00000000 00000000 00000000 00000000 00000000 00000000
3b0: 00000000 00000000 00000000 00000000 00000000 00000000 00000000 00000000
3b8: 00000000 00000000 00000000 00000000 00000000 00000000 00000000 00000000
3c0: 00000000 00000000 00000000 00000000 00000000 00000000 00000000 00000000
3c8: 00000000 00000000 00000000 00000000 00000000 00000000 00000000 00000000
3d0: 00000000 00000000 00000000 00000000 00000000 00000000 00000000 00000000
3d8: 00000000 00000000 00000000 00000000 00000000 00000000 00000000 00000000
3e0: 00000000 00000000 00000000 00000000 00000000 00000000 00000000 00000000
3e8: 00000000 00000000 00000000 00000000 00000000 00000000 00000000 00000000
3f0: 00000000 00000000 00000000 00000000 00000000 00000000 00000000 00000000
3f8: 00000000 00000000 00000000 00000000 00000000 00000000 00000000 00000000
